Webots Project File version R2020a
perspectives: 000000ff00000000fd00000003000000000000000000000000fc0100000001fb0000001a0044006f00630075006d0065006e0074006100740069006f006e0000000000ffffffff0000005400ffffff0000000100000239000002a1fc0200000001fb0000001400540065007800740045006400690074006f00720100000015000002a10000009d00ffffff000000030000078000000129fc0100000001fb0000000e0043006f006e0073006f006c00650100000000000007800000005400ffffff00000541000002a100000001000000020000000100000008fc00000000
simulationViewPerspectives: 000000ff000000010000000200000143000001c40100000006010000000100
sceneTreePerspectives: 000000ff0000000100000002000000c0000000fc0100000006010000000200
maximizedDockId: -1
centralWidgetVisible: 1
selectionDisabled: 0
viewpointLocked: 0
orthographicViewHeight: 1
textFiles: 1 "protos/Frisbee.proto" "controllers/altino_controller/altino_controller.py" "controllers/frisbee_controller/frisbee_controller.py"
renderingDevicePerspectives: vehicle:display;1;0.67;0;0
renderingDevicePerspectives: vehicle:range finder;1;0.196289;0.800197;0.669919
renderingDevicePerspectives: vehicle:camera;1;0.224609;0;0.622765
