Webots Project File version R2020a
perspectives: 000000ff00000000fd00000003000000000000000000000000fc0100000001fb0000001a0044006f00630075006d0065006e0074006100740069006f006e0000000000ffffffff0000005400ffffff000000010000024800000203fc0200000001fb0000001400540065007800740045006400690074006f00720000000015000002030000003e00ffffff000000030000050000000089fc0100000001fb0000000e0043006f006e0073006f006c00650100000000000005000000005400ffffff000005000000018300000001000000020000000100000008fc00000000
simulationViewPerspectives: 000000ff000000010000000200000143000001c40100000006010000000100
sceneTreePerspectives: 000000ff0000000100000002000000c0000000fc0100000006010000000200
maximizedDockId: -1
centralWidgetVisible: 1
selectionDisabled: 0
viewpointLocked: 0
orthographicViewHeight: 1
textFiles: -1
renderingDevicePerspectives: vehicle:range finder;1;0.217773;0;0.316111
renderingDevicePerspectives: vehicle:camera;1;0.321289;0.651945;0
renderingDevicePerspectives: vehicle:display;1;0.658;0;0
